A,B,C,D,E,F
0,2.15,0.7,1.07,0.85,1.16
2.15,0,1.53,1.14,1.38,1.01
0.7,1.53,0,0.43,0.21,0.55
1.07,1.14,0.43,0,0.29,0.22
0.85,1.38,0.21,0.29,0,0.41
1.16,1.01,0.55,0.22,0.41,0
